asus_link_pitch_joint: 1.14590087642091
asus_link_roll_joint: -0.0193009393497938
asus_link_x_joint: -0.199235572320057
asus_link_y_joint: -0.166552007052433
asus_link_yaw_joint: 1.47839324140522
asus_link_z_joint: 1.06765899517797
